Matriz 1
7 5 7 0 7 3 6 6 2 1 2 1 6 8 4 8 6 2 9 6 1 0 1 3 1 1 2 3 2 4 9 0 9 1 7 4 9 7 6 6 
7 2 6 3 0 7 3 5 4 1 4 3 4 7 3 9 7 5 8 5 9 0 4 6 4 3 7 6 8 4 1 7 7 4 4 8 4 9 4 0 
7 9 3 7 1 7 5 4 0 1 0 9 1 8 6 8 5 9 4 2 0 1 6 1 9 3 4 0 3 3 9 4 0 7 9 4 0 6 5 7 
2 8 4 4 6 0 0 4 7 8 2 0 0 3 8 4 2 1 0 8 6 4 5 0 1 5 3 7 7 2 4 0 8 7 0 7 5 6 3 7 
8 1 0 6 3 7 7 6 2 6 0 4 6 0 0 7 3 2 9 3 9 1 1 5 0 9 7 0 7 7 1 8 5 0 0 8 8 9 7 7 
7 2 4 0 6 9 3 5 9 6 4 2 6 6 7 6 3 1 4 9 0 1 0 6 7 4 9 7 9 2 0 4 1 2 8 8 5 6 0 1 
6 2 3 4 8 4 9 3 6 7 1 5 9 8 5 1 5 9 7 7 2 5 0 3 0 4 8 2 3 9 9 0 5 9 6 2 7 2 0 9 
8 6 6 6 0 0 9 8 4 2 5 1 4 4 2 9 0 2 5 0 8 9 7 4 8 6 3 9 4 6 1 1 3 3 6 0 0 5 0 2 
8 5 7 3 3 2 7 0 1 6 3 5 8 2 2 1 5 6 7 8 1 7 9 3 5 1 8 1 1 6 9 8 0 1 8 0 5 2 6 9 
7 9 1 3 7 9 3 5 9 2 9 1 1 1 0 9 2 6 5 9 5 4 3 3 8 1 0 4 7 1 7 9 6 7 7 6 9 2 0 8 
5 9 6 0 2 4 5 1 1 4 6 5 1 2 7 3 5 1 2 7 8 4 9 6 5 5 3 2 1 0 9 5 1 0 2 0 3 7 4 6 
8 6 5 8 8 8 5 6 2 3 6 9 1 5 2 7 7 3 5 0 3 4 4 8 9 7 5 8 4 2 8 0 7 0 0 8 4 5 7 7 
4 5 2 8 8 9 4 2 7 5 8 4 8 0 2 3 5 1 1 8 6 6 0 3 5 9 4 7 3 8 9 9 0 4 3 5 3 1 4 4 
5 7 9 4 6 3 7 3 4 5 6 7 4 5 5 4 5 3 7 9 5 2 6 3 6 8 2 4 7 9 1 8 6 4 4 9 8 3 8 5 
7 9 4 8 5 8 2 6 1 3 6 6 6 2 5 4 5 4 1 3 9 6 1 1 4 1 2 0 6 7 1 8 9 0 5 0 7 0 0 4 
9 9 2 1 3 4 4 5 5 7 3 8 3 3 2 2 3 4 3 8 9 3 4 1 8 3 6 4 1 5 6 7 2 9 2 4 9 8 2 5 
8 6 1 5 1 9 1 9 4 9 7 1 7 4 9 4 2 3 3 8 1 5 0 7 9 3 4 9 6 4 6 5 2 4 8 4 6 2 0 2 
0 7 4 9 1 6 4 8 3 4 9 2 0 5 6 1 7 2 9 3 7 2 6 8 7 2 2 5 1 6 0 8 0 0 6 1 5 7 9 2 
1 9 1 0 9 4 8 0 8 9 5 0 8 6 6 0 5 4 7 3 5 9 4 3 3 9 4 4 8 4 1 5 7 7 6 5 0 6 8 9 
3 5 7 4 3 3 5 6 7 2 6 8 6 4 7 1 3 0 1 9 5 3 2 8 9 7 9 5 6 5 5 6 8 3 5 5 7 3 4 1 
3 0 1 1 7 3 6 4 0 3 2 8 1 0 5 1 7 5 9 5 6 4 3 8 0 3 4 5 4 5 2 4 3 9 8 5 7 1 2 0 
5 9 6 8 5 4 7 8 9 4 3 6 1 7 8 8 0 6 5 1 3 1 5 2 8 6 8 8 1 4 3 7 3 4 2 2 2 9 6 6 
0 9 6 9 6 2 8 9 7 3 1 7 4 5 0 6 5 2 8 2 6 7 6 0 3 5 3 2 0 0 1 4 5 4 9 9 4 3 5 8 
9 5 7 5 9 2 2 2 7 2 7 6 0 6 5 8 9 3 4 7 6 7 2 0 9 9 6 0 7 5 2 3 0 1 9 1 0 7 1 3 
2 1 1 0 0 7 3 8 0 0 9 6 3 4 3 1 2 7 6 6 7 4 7 5 4 7 1 9 7 3 4 0 9 4 9 6 7 8 7 2 
2 1 4 2 5 7 4 8 9 3 5 9 2 9 6 4 2 5 5 3 6 2 3 8 5 6 2 8 9 9 1 5 1 4 1 1 3 1 6 2 
2 8 7 5 8 2 1 6 3 1 2 3 6 3 6 0 5 5 9 1 8 8 6 3 9 7 8 2 6 1 2 3 3 3 3 1 1 4 8 0 
5 3 9 1 2 2 7 5 7 5 6 8 0 0 5 2 9 5 5 9 1 8 0 3 6 3 0 3 8 5 5 5 4 6 9 1 1 2 4 2 
9 5 0 3 2 6 7 6 6 5 3 9 9 8 2 7 7 4 3 3 8 8 5 9 1 1 5 3 9 1 2 6 4 1 9 6 6 5 2 7 
3 2 4 8 7 6 1 2 2 3 0 1 7 2 2 8 0 9 8 9 6 8 7 4 6 5 1 7 2 3 1 4 3 0 0 0 5 7 9 6 
2 4 9 6 3 9 2 0 7 3 1 8 2 3 8 1 2 5 9 6 3 1 1 8 3 1 5 3 5 3 7 7 2 4 9 8 8 2 5 2 
4 6 3 3 8 6 3 9 8 1 6 2 3 9 9 0 7 8 7 3 1 5 4 2 9 2 6 5 3 9 9 9 7 1 1 4 5 1 5 6 
0 6 7 6 8 6 8 0 7 6 7 5 3 5 9 6 3 7 8 3 5 0 9 3 1 6 3 4 7 8 3 9 1 9 5 8 5 6 0 2 
5 3 2 9 0 2 5 4 3 8 9 0 8 1 3 9 5 9 3 1 9 1 8 2 1 1 8 8 2 4 5 8 9 0 8 0 7 3 7 8 
8 2 5 5 1 7 7 7 4 5 3 2 7 0 4 7 2 1 1 8 1 0 2 9 1 2 2 8 4 8 1 5 9 2 7 5 8 9 7 9 
7 6 2 3 7 9 9 5 2 0 1 0 3 4 4 0 9 3 3 9 0 2 6 9 8 3 8 1 7 4 2 4 1 4 7 8 6 1 9 6 
4 8 6 8 8 8 6 4 5 5 7 3 5 0 9 3 9 2 5 1 2 7 7 0 0 6 3 5 8 5 4 6 2 1 8 4 5 3 4 6 
4 6 5 8 9 4 1 8 1 6 3 2 3 4 4 6 4 6 4 7 9 8 4 9 7 8 9 4 0 3 0 3 5 7 8 5 8 3 4 0 
1 5 1 4 1 7 9 9 7 6 5 7 8 8 6 6 1 7 5 7 1 2 9 7 3 6 6 2 8 9 4 2 2 9 5 8 5 0 5 5 
4 8 8 9 4 3 8 6 8 0 8 3 1 2 7 6 2 6 7 9 8 5 9 9 1 5 9 5 8 9 8 2 3 3 6 6 6 2 5 6 

Matriz 2
1 9 3 0 6 4 0 2 2 6 8 8 6 3 5 1 3 4 2 6 1 9 9 5 4 3 4 1 3 8 4 5 4 8 8 8 5 1 1 7 
0 2 7 9 9 9 9 2 6 3 7 6 0 0 5 3 1 4 0 9 2 4 5 0 9 8 6 1 3 4 3 0 4 7 9 3 9 0 5 8 
5 4 5 1 1 4 4 4 1 4 0 6 8 7 0 3 7 8 6 7 9 5 8 6 2 1 2 5 8 9 1 6 3 6 9 9 7 8 9 4 
0 8 8 9 9 7 4 2 1 9 2 2 9 7 0 2 2 8 7 6 8 8 0 4 8 3 6 5 2 7 6 6 3 8 7 8 3 2 8 6 
2 1 8 9 9 7 9 6 3 4 3 7 2 1 9 8 8 4 8 2 2 7 7 5 1 2 5 5 2 7 4 4 0 6 6 0 9 2 4 9 
7 4 4 2 7 9 9 0 8 0 4 4 1 5 4 4 8 7 1 2 1 5 9 2 2 3 8 7 6 8 0 5 5 5 4 8 1 7 2 9 
5 5 2 4 8 8 9 0 7 5 5 8 1 9 9 2 5 0 4 5 1 1 0 9 1 3 1 7 0 8 0 6 0 5 6 8 0 0 7 2 
5 9 8 1 7 1 2 5 9 2 4 4 5 7 5 3 5 9 0 7 2 7 9 3 8 5 9 7 6 8 6 4 5 1 5 6 9 7 0 0 
8 3 7 3 9 4 5 3 5 9 6 3 0 0 4 3 8 4 1 0 2 0 7 2 9 8 8 6 5 5 9 6 7 7 1 1 7 4 5 1 
2 7 2 4 1 9 0 5 8 7 2 4 3 8 0 9 1 5 1 3 1 8 9 2 7 9 4 1 5 0 3 9 6 1 8 2 0 4 7 0 
2 7 5 4 2 9 5 1 8 1 1 8 0 3 3 4 5 1 4 5 3 5 7 2 2 4 1 5 6 0 6 6 8 3 7 2 5 4 5 2 
4 1 0 6 9 0 3 8 6 6 4 9 6 5 3 2 3 2 4 4 9 0 2 8 1 7 6 6 3 8 1 6 6 2 3 5 2 8 3 6 
4 2 3 8 2 6 1 1 5 9 4 2 9 5 9 9 8 9 1 9 7 0 0 8 8 3 4 3 0 8 2 5 0 4 4 9 3 4 4 1 
3 9 4 3 5 6 2 9 9 7 1 9 0 0 9 2 1 4 0 4 2 2 5 0 9 2 7 6 9 4 3 8 4 3 4 9 1 5 6 7 
5 9 3 2 7 8 7 8 0 5 5 5 9 7 9 3 5 9 2 8 2 1 4 4 7 3 7 8 2 3 3 8 3 0 3 7 6 0 2 6 
5 1 9 8 1 7 2 5 7 1 7 0 8 5 7 1 1 7 8 6 2 3 1 0 8 3 1 9 9 4 9 1 4 5 7 3 9 5 9 3 
8 4 2 5 0 8 8 4 0 6 5 8 0 9 1 7 1 3 9 7 9 3 6 4 8 8 4 3 3 6 9 8 9 7 4 9 1 6 9 9 
7 4 6 0 3 0 4 6 4 1 8 7 5 0 7 6 0 1 3 2 0 1 3 9 4 8 4 4 0 0 7 9 3 9 3 3 6 1 7 8 
4 5 6 4 8 1 5 8 2 4 2 3 9 9 9 9 1 8 6 8 9 3 1 2 2 1 9 5 2 4 6 9 9 7 0 3 7 4 9 4 
8 7 1 7 9 7 8 5 5 5 7 8 6 7 3 0 8 2 4 6 2 3 1 2 0 7 8 6 1 4 8 0 8 9 2 0 1 9 1 3 
1 3 5 7 8 4 2 4 9 5 0 1 1 8 4 0 2 8 8 8 1 4 1 5 3 4 1 7 8 1 9 9 9 4 6 6 9 2 9 3 
3 1 5 2 6 9 8 0 7 9 9 3 7 3 7 5 8 8 7 2 5 2 9 6 6 3 2 9 6 1 3 6 5 0 5 7 5 9 1 4 
2 8 0 9 3 1 9 3 4 9 7 6 8 0 3 2 6 3 1 4 5 5 7 3 6 4 2 8 8 2 7 9 6 3 7 6 6 2 3 0 
3 5 9 9 5 3 8 9 8 8 1 1 1 7 4 6 5 6 0 4 1 0 1 9 2 7 6 8 6 4 5 3 8 7 9 5 0 2 7 2 
3 0 2 0 7 5 2 3 0 9 3 1 4 6 9 7 2 5 9 9 5 0 4 7 6 5 3 7 5 3 6 7 0 7 2 8 0 4 4 3 
9 5 0 4 8 9 9 5 3 1 1 3 0 1 1 0 5 9 8 2 2 2 2 3 1 3 7 6 9 5 4 5 1 7 9 9 3 7 9 3 
8 7 8 7 5 1 0 2 3 4 3 6 4 4 5 8 0 2 3 7 6 9 6 1 5 4 0 6 5 4 3 9 0 2 5 3 1 9 8 9 
7 3 7 7 4 6 7 3 1 3 9 9 5 0 2 0 7 0 6 9 1 0 3 0 1 2 3 2 3 5 7 6 2 1 8 2 9 2 8 1 
7 9 9 1 8 0 4 4 5 7 8 4 4 4 0 3 2 0 7 8 9 5 6 4 7 6 3 5 1 1 0 1 0 8 4 7 6 3 4 6 
9 1 5 3 9 1 2 5 4 1 1 8 6 2 9 6 0 4 7 5 5 9 0 1 8 7 6 1 9 6 3 3 3 3 9 8 8 4 2 5 
1 3 2 3 9 6 4 8 0 8 4 6 6 3 9 2 5 3 2 5 5 8 1 1 1 5 9 0 6 5 4 1 5 3 0 2 2 1 2 9 
3 1 9 0 7 7 3 7 5 7 1 6 6 9 2 5 6 2 2 7 9 4 4 5 5 7 6 0 5 4 1 8 9 6 4 4 1 1 3 6 
9 6 3 2 7 9 7 7 1 8 2 4 6 0 2 1 4 0 6 8 1 6 0 6 1 0 1 8 1 8 7 8 9 9 4 0 8 4 2 1 
9 1 9 2 8 6 2 6 3 8 8 5 9 8 4 8 4 9 9 3 4 4 6 1 0 1 3 6 9 7 5 0 7 4 3 7 1 5 6 9 
1 7 0 9 2 7 5 9 9 5 5 2 8 6 0 2 9 7 9 3 5 0 9 7 5 6 6 1 0 0 7 5 8 0 0 8 5 2 0 8 
3 0 6 8 1 0 4 8 9 2 6 1 1 0 3 1 6 1 7 0 0 1 7 1 2 9 5 1 7 3 4 1 0 6 6 9 0 5 2 7 
1 4 1 5 2 1 5 9 9 4 3 5 6 4 6 5 2 6 0 4 2 0 1 2 7 9 1 8 5 9 8 3 8 8 3 2 1 2 5 7 
2 7 1 5 3 3 1 6 0 0 2 0 7 9 0 9 3 1 6 3 1 3 7 6 7 2 0 4 0 4 0 6 2 9 4 0 5 4 4 1 
8 0 1 3 7 3 3 4 9 7 3 3 2 3 0 7 4 4 3 9 6 2 4 8 3 8 5 6 2 4 8 5 1 7 8 8 1 6 9 8 
3 2 2 6 0 1 5 0 8 5 8 3 6 6 9 4 5 0 7 4 2 6 3 9 1 0 0 3 9 8 6 0 8 0 2 4 1 7 3 8 

Resultado 2
735 783 684 799 886 833 802 899 815 816 707 824 840 772 877 691 712 743 736 953 599 635 690 682 748 722 760 820 700 935 843 808 808 904 784 829 757 675 805 882 
907 893 924 843 1013 861 810 950 913 901 767 854 873 912 775 745 726 822 880 1068 721 673 827 727 874 865 797 963 855 889 913 1043 895 1057 956 1018 823 787 997 902 
719 765 722 773 993 833 772 853 803 884 829 842 889 820 862 696 644 782 804 924 705 647 795 742 821 803 828 810 787 837 777 865 751 854 792 1027 648 683 813 1048 
724 723 722 756 886 809 771 739 724 810 750 719 720 624 640 562 666 658 734 817 466 631 724 514 705 705 637 784 747 722 797 719 715 780 811 692 741 644 749 729 
804 774 799 825 1001 756 739 821 949 812 665 718 799 911 766 759 650 785 801 942 651 728 675 760 786 838 740 866 794 922 788 912 788 995 940 937 680 749 923 848 
839 868 845 814 949 881 802 857 884 848 787 818 771 814 783 732 817 784 755 906 605 586 906 641 839 855 826 869 743 823 780 889 728 896 839 909 691 763 805 850 
913 865 823 863 1102 934 877 924 915 1014 858 1013 948 876 1063 864 785 862 843 934 694 760 770 798 817 846 877 901 827 1009 870 964 887 903 844 982 724 795 904 1055 
678 774 786 753 932 849 747 652 780 841 734 731 816 747 781 576 672 816 810 942 589 601 726 670 810 644 636 869 795 746 789 899 696 753 927 938 857 628 844 623 
710 759 658 821 937 841 816 771 841 1000 785 923 940 869 886 804 761 750 735 975 798 703 764 826 770 849 759 774 748 843 802 950 850 829 833 942 618 725 820 943 
793 784 953 860 1102 1002 962 884 1015 964 936 888 869 841 918 717 872 800 879 977 636 709 885 719 819 926 853 928 885 904 1005 846 1026 1045 854 862 838 725 830 1002 
579 702 560 741 859 830 808 691 724 799 638 757 676 763 698 578 665 663 624 866 562 572 681 662 643 717 646 771 730 693 709 811 779 750 799 765 609 600 753 739 
856 850 895 955 1127 984 995 913 940 1001 844 951 833 840 924 776 803 840 934 1083 729 776 876 841 831 891 871 1026 944 1048 952 1030 842 1046 1090 1072 816 850 1040 1026 
835 694 857 880 1134 1054 912 766 897 945 766 903 778 833 841 738 875 851 865 955 720 724 776 698 775 903 891 820 870 906 850 885 822 908 957 974 710 772 887 949 
987 895 906 970 1215 1026 1040 1038 1068 1069 862 1063 963 959 927 833 889 915 996 1165 850 758 887 868 915 1040 941 1036 977 1050 997 1079 972 1142 1126 1161 868 884 1063 1046 
658 737 768 716 969 894 776 710 840 840 661 804 783 767 757 621 656 781 726 954 659 692 703 705 823 770 702 809 704 831 751 873 841 830 842 883 781 630 710 851 
763 756 771 810 1082 872 770 863 899 936 809 917 851 882 865 772 713 793 780 973 634 704 824 702 813 911 778 853 865 907 863 922 905 933 883 883 710 743 848 929 
789 910 873 805 1038 1018 843 869 925 953 844 873 889 875 866 747 827 907 737 1025 632 675 889 673 901 911 916 869 806 841 862 915 861 857 900 975 735 724 786 881 
692 811 773 809 973 863 841 816 886 848 593 788 744 911 704 757 676 828 723 1001 706 599 763 708 860 855 812 869 765 755 861 1008 884 862 908 938 715 655 916 792 
941 825 867 912 1125 1091 1020 858 1006 1060 878 904 811 852 915 909 883 848 939 1013 705 684 923 853 873 879 838 949 842 857 882 1047 868 957 985 1031 814 799 992 969 
916 872 850 880 1170 969 921 949 921 1048 747 937 860 880 841 735 860 861 833 1092 762 658 795 801 844 942 873 1006 855 965 891 999 870 988 965 1016 750 833 908 902 
721 656 700 738 890 695 777 848 766 767 660 775 743 787 689 662 644 714 754 774 602 500 637 650 560 745 700 774 634 723 745 806 797 737 714 800 609 600 749 813 
877 880 944 876 1170 966 879 896 893 962 831 940 924 879 934 796 772 877 839 1081 703 737 877 779 953 858 873 996 910 982 906 1087 809 975 1027 993 893 773 1035 940 
731 728 807 949 996 893 899 829 987 951 786 782 842 834 804 691 801 870 882 921 718 616 819 767 834 815 799 916 831 913 910 938 863 865 879 993 789 787 913 888 
786 842 782 814 1042 964 841 816 795 888 763 873 801 843 798 705 734 842 981 939 751 694 906 731 881 816 791 898 819 791 861 969 798 931 893 985 829 800 893 943 
837 848 682 796 970 807 885 903 933 819 762 822 816 746 713 645 786 743 819 942 593 543 769 751 682 808 761 941 747 777 893 934 863 887 842 914 773 742 806 796 
896 776 872 720 1101 791 825 866 924 881 705 897 724 765 827 693 725 808 740 935 672 585 752 701 801 843 870 945 865 841 811 946 790 847 912 966 780 738 903 816 
742 725 783 748 1026 812 807 750 723 914 663 739 776 760 765 776 676 870 796 991 750 604 778 736 794 735 747 896 706 744 783 986 675 863 852 941 784 705 901 837 
838 744 716 636 992 890 838 803 773 912 778 882 809 869 693 676 764 737 848 903 745 577 815 760 708 840 794 813 682 776 789 862 857 842 773 910 697 740 773 835 
804 929 894 982 1038 942 908 926 1149 1084 920 912 887 939 904 776 847 859 824 1031 740 664 917 899 979 974 837 995 859 934 918 1041 986 953 965 1095 784 806 916 974 
737 672 731 800 934 803 815 717 784 846 732 703 876 750 788 719 718 795 771 917 609 575 632 751 730 710 704 906 704 781 860 897 726 920 857 807 750 706 884 748 
765 747 801 807 1021 795 845 964 860 915 702 815 859 851 753 718 782 824 734 897 741 563 755 719 723 893 894 833 739 848 788 895 862 911 774 926 638 696 847 992 
917 849 923 757 1182 958 957 942 883 1022 819 1042 864 792 1074 847 806 824 795 1083 757 770 872 761 940 926 970 942 896 967 941 1087 904 964 904 1003 847 770 879 1047 
900 886 977 959 1144 994 998 1012 961 963 830 994 952 930 914 838 839 902 930 988 778 721 881 740 904 941 902 970 944 915 877 1069 916 1017 1019 1050 875 724 1044 1010 
777 874 821 913 889 937 793 803 944 963 777 861 938 854 791 745 716 769 799 1086 691 754 728 797 892 860 673 875 791 831 1016 1086 946 882 958 896 830 660 989 853 
855 845 782 872 938 884 842 846 951 881 789 815 918 895 750 712 836 760 776 998 593 675 749 814 799 842 754 882 761 995 867 847 865 950 969 923 739 742 822 806 
843 805 782 853 1022 847 952 811 934 945 826 879 732 841 843 773 793 755 780 961 677 644 844 790 777 914 830 896 755 901 842 850 757 970 892 1061 569 743 826 1036 
807 870 838 905 1038 1031 1020 802 903 947 849 932 888 866 812 770 867 875 877 1005 799 742 929 762 910 879 849 886 803 908 844 996 855 887 977 1050 853 731 903 995 
848 874 942 991 1104 1022 940 973 1002 993 787 863 913 911 857 826 813 1042 933 1030 679 721 892 786 884 924 852 1063 923 901 1021 1055 917 995 1053 1035 837 841 1014 974 
1008 940 940 962 1184 925 967 982 1147 1055 931 998 942 889 1013 830 852 939 815 1029 746 715 864 791 952 1021 984 1065 987 975 944 990 901 963 1014 1157 771 865 967 991 
988 1037 1064 1102 1310 1007 1126 1017 1104 1107 965 1068 1033 965 1023 795 932 979 978 1185 835 861 901 861 965 1047 984 1139 1035 1023 1104 1082 1030 1107 1150 1137 1009 874 1108 1090 

